actual_hr --- QBC_hr --- SE ---   SSE 
----------------------------------------
108.0        95.057   167.521   167.521
 78.0        92.623   213.832   381.353
 71.0        72.625     2.641   383.994
 77.0        87.125   102.516   486.510
 70.0        82.201   148.864   635.374
100.0        80.867   366.072  1001.446
 58.0        75.929   321.449  1322.895
 59.0        54.629    19.106  1342.000
 60.0        77.925   321.306  1663.306
 95.0        90.103    23.981  1687.287
 72.0        88.541   273.605  1960.891
 87.0        82.085    24.157  1985.049
 66.0        66.954     0.910  1985.959
118.0        96.528   461.047  2447.005
 72.0        69.763     5.004  2452.010
 73.0        73.202     0.041  2452.050
 70.0        77.029    49.407  2501.457
 62.0        59.837     4.679  2506.136
 80.0        71.904    65.545  2571.681
 58.0        79.101   445.252  3016.933
 92.0        96.513    20.367  3037.300
127.0       158.713  1005.714  4043.015
----------------------------------------
MSE ::==:: 183.773
